38 11 -1023
38 11 -1022
38 11 -1021
38 11 -1020
38 11 -1019
38 11 -1018
38 11 -1017
38 11 -1016
38 11 -1015
38 11 -1014
38 11 -1013
38 11 -1012
38 11 -1011
38 11 -1010
38 11 -1009
38 11 -1008
37 11 -1007
37 11 -1006
37 11 -1005
37 11 -1004
37 11 -1003
37 11 -1002
37 11 -1001
37 11 -1000
36 11 -999
36 11 -998
36 11 -997
36 11 -996
35 11 -995
35 11 -994
34 11 -993
34 11 -992
37 11 -991
37 11 -990
37 11 -989
37 11 -988
37 11 -987
37 11 -986
37 11 -985
37 11 -984
37 11 -983
37 11 -982
37 11 -981
37 11 -980
37 11 -979
37 11 -978
37 11 -977
37 11 -976
36 11 -975
36 11 -974
36 11 -973
36 11 -972
36 11 -971
36 11 -970
36 11 -969
36 11 -968
35 11 -967
35 11 -966
35 11 -965
35 11 -964
34 11 -963
34 11 -962
33 11 -961
33 11 -960
36 11 -959
36 11 -958
36 11 -957
36 11 -956
36 11 -955
36 11 -954
36 11 -953
36 11 -952
36 11 -951
36 11 -950
36 11 -949
36 11 -948
36 11 -947
36 11 -946
36 11 -945
36 11 -944
35 11 -943
35 11 -942
35 11 -941
35 11 -940
35 11 -939
35 11 -938
35 11 -937
35 11 -936
34 11 -935
34 11 -934
34 11 -933
34 11 -932
33 11 -931
33 11 -930
32 11 -929
32 11 -928
35 11 -927
35 11 -926
35 11 -925
35 11 -924
35 11 -923
35 11 -922
35 11 -921
35 11 -920
35 11 -919
35 11 -918
35 11 -917
35 11 -916
35 11 -915
35 11 -914
35 11 -913
35 11 -912
34 11 -911
34 11 -910
34 11 -909
34 11 -908
34 11 -907
34 11 -906
34 11 -905
34 11 -904
33 11 -903
33 11 -902
33 11 -901
33 11 -900
32 11 -899
32 11 -898
31 11 -897
31 11 -896
34 11 -895
34 11 -894
34 11 -893
34 11 -892
34 11 -891
34 11 -890
34 11 -889
34 11 -888
34 11 -887
34 11 -886
34 11 -885
34 11 -884
34 11 -883
34 11 -882
34 11 -881
34 11 -880
33 11 -879
33 11 -878
33 11 -877
33 11 -876
33 11 -875
33 11 -874
33 11 -873
33 11 -872
32 11 -871
32 11 -870
32 11 -869
32 11 -868
31 11 -867
31 11 -866
30 11 -865
30 11 -864
33 11 -863
33 11 -862
33 11 -861
33 11 -860
33 11 -859
33 11 -858
33 11 -857
33 11 -856
33 11 -855
33 11 -854
33 11 -853
33 11 -852
33 11 -851
33 11 -850
33 11 -849
33 11 -848
32 11 -847
32 11 -846
32 11 -845
32 11 -844
32 11 -843
32 11 -842
32 11 -841
32 11 -840
31 11 -839
31 11 -838
31 11 -837
31 11 -836
30 11 -835
30 11 -834
29 11 -833
29 11 -832
32 11 -831
32 11 -830
32 11 -829
32 11 -828
32 11 -827
32 11 -826
32 11 -825
32 11 -824
32 11 -823
32 11 -822
32 11 -821
32 11 -820
32 11 -819
32 11 -818
32 11 -817
32 11 -816
31 11 -815
31 11 -814
31 11 -813
31 11 -812
31 11 -811
31 11 -810
31 11 -809
31 11 -808
30 11 -807
30 11 -806
30 11 -805
30 11 -804
29 11 -803
29 11 -802
28 11 -801
28 11 -800
31 11 -799
31 11 -798
31 11 -797
31 11 -796
31 11 -795
31 11 -794
31 11 -793
31 11 -792
31 11 -791
31 11 -790
31 11 -789
31 11 -788
31 11 -787
31 11 -786
31 11 -785
31 11 -784
30 11 -783
30 11 -782
30 11 -781
30 11 -780
30 11 -779
30 11 -778
30 11 -777
30 11 -776
29 11 -775
29 11 -774
29 11 -773
29 11 -772
28 11 -771
28 11 -770
27 11 -769
27 11 -768
30 11 -767
30 11 -766
30 11 -765
30 11 -764
30 11 -763
30 11 -762
30 11 -761
30 11 -760
30 11 -759
30 11 -758
30 11 -757
30 11 -756
30 11 -755
30 11 -754
30 11 -753
30 11 -752
29 11 -751
29 11 -750
29 11 -749
29 11 -748
29 11 -747
29 11 -746
29 11 -745
29 11 -744
28 11 -743
28 11 -742
28 11 -741
28 11 -740
27 11 -739
27 11 -738
26 11 -737
26 11 -736
29 11 -735
29 11 -734
29 11 -733
29 11 -732
29 11 -731
29 11 -730
29 11 -729
29 11 -728
29 11 -727
29 11 -726
29 11 -725
29 11 -724
29 11 -723
29 11 -722
29 11 -721
29 11 -720
28 11 -719
28 11 -718
28 11 -717
28 11 -716
28 11 -715
28 11 -714
28 11 -713
28 11 -712
27 11 -711
27 11 -710
27 11 -709
27 11 -708
26 11 -707
26 11 -706
25 11 -705
25 11 -704
28 11 -703
28 11 -702
28 11 -701
28 11 -700
28 11 -699
28 11 -698
28 11 -697
28 11 -696
28 11 -695
28 11 -694
28 11 -693
28 11 -692
28 11 -691
28 11 -690
28 11 -689
28 11 -688
27 11 -687
27 11 -686
27 11 -685
27 11 -684
27 11 -683
27 11 -682
27 11 -681
27 11 -680
26 11 -679
26 11 -678
26 11 -677
26 11 -676
25 11 -675
25 11 -674
24 11 -673
24 11 -672
27 11 -671
27 11 -670
27 11 -669
27 11 -668
27 11 -667
27 11 -666
27 11 -665
27 11 -664
27 11 -663
27 11 -662
27 11 -661
27 11 -660
27 11 -659
27 11 -658
27 11 -657
27 11 -656
26 11 -655
26 11 -654
26 11 -653
26 11 -652
26 11 -651
26 11 -650
26 11 -649
26 11 -648
25 11 -647
25 11 -646
25 11 -645
25 11 -644
24 11 -643
24 11 -642
23 11 -641
23 11 -640
26 11 -639
26 11 -638
26 11 -637
26 11 -636
26 11 -635
26 11 -634
26 11 -633
26 11 -632
26 11 -631
26 11 -630
26 11 -629
26 11 -628
26 11 -627
26 11 -626
26 11 -625
26 11 -624
25 11 -623
25 11 -622
25 11 -621
25 11 -620
25 11 -619
25 11 -618
25 11 -617
25 11 -616
24 11 -615
24 11 -614
24 11 -613
24 11 -612
23 11 -611
23 11 -610
22 11 -609
22 11 -608
25 11 -607
25 11 -606
25 11 -605
25 11 -604
25 11 -603
25 11 -602
25 11 -601
25 11 -600
25 11 -599
25 11 -598
25 11 -597
25 11 -596
25 11 -595
25 11 -594
25 11 -593
25 11 -592
24 11 -591
24 11 -590
24 11 -589
24 11 -588
24 11 -587
24 11 -586
24 11 -585
24 11 -584
23 11 -583
23 11 -582
23 11 -581
23 11 -580
22 11 -579
22 11 -578
21 11 -577
21 11 -576
24 11 -575
24 11 -574
24 11 -573
24 11 -572
24 11 -571
24 11 -570
24 11 -569
24 11 -568
24 11 -567
24 11 -566
24 11 -565
24 11 -564
24 11 -563
24 11 -562
24 11 -561
24 11 -560
23 11 -559
23 11 -558
23 11 -557
23 11 -556
23 11 -555
23 11 -554
23 11 -553
23 11 -552
22 11 -551
22 11 -550
22 11 -549
22 11 -548
21 11 -547
21 11 -546
20 11 -545
20 11 -544
23 11 -543
23 11 -542
23 11 -541
23 11 -540
23 11 -539
23 11 -538
23 11 -537
23 11 -536
23 11 -535
23 11 -534
23 11 -533
23 11 -532
23 11 -531
23 11 -530
23 11 -529
23 11 -528
22 11 -527
22 11 -526
22 11 -525
22 11 -524
22 11 -523
22 11 -522
22 11 -521
22 11 -520
21 11 -519
21 11 -518
21 11 -517
21 11 -516
20 11 -515
20 11 -514
19 11 -513
19 11 -512
22 10 -511
22 10 -510
22 10 -509
22 10 -508
22 10 -507
22 10 -506
22 10 -505
22 10 -504
22 10 -503
22 10 -502
22 10 -501
22 10 -500
22 10 -499
22 10 -498
22 10 -497
22 10 -496
21 10 -495
21 10 -494
21 10 -493
21 10 -492
21 10 -491
21 10 -490
21 10 -489
21 10 -488
20 10 -487
20 10 -486
20 10 -485
20 10 -484
19 10 -483
19 10 -482
18 10 -481
18 10 -480
21 10 -479
21 10 -478
21 10 -477
21 10 -476
21 10 -475
21 10 -474
21 10 -473
21 10 -472
21 10 -471
21 10 -470
21 10 -469
21 10 -468
21 10 -467
21 10 -466
21 10 -465
21 10 -464
20 10 -463
20 10 -462
20 10 -461
20 10 -460
20 10 -459
20 10 -458
20 10 -457
20 10 -456
19 10 -455
19 10 -454
19 10 -453
19 10 -452
18 10 -451
18 10 -450
17 10 -449
17 10 -448
20 10 -447
20 10 -446
20 10 -445
20 10 -444
20 10 -443
20 10 -442
20 10 -441
20 10 -440
20 10 -439
20 10 -438
20 10 -437
20 10 -436
20 10 -435
20 10 -434
20 10 -433
20 10 -432
19 10 -431
19 10 -430
19 10 -429
19 10 -428
19 10 -427
19 10 -426
19 10 -425
19 10 -424
18 10 -423
18 10 -422
18 10 -421
18 10 -420
17 10 -419
17 10 -418
16 10 -417
16 10 -416
19 10 -415
19 10 -414
19 10 -413
19 10 -412
19 10 -411
19 10 -410
19 10 -409
19 10 -408
19 10 -407
19 10 -406
19 10 -405
19 10 -404
19 10 -403
19 10 -402
19 10 -401
19 10 -400
18 10 -399
18 10 -398
18 10 -397
18 10 -396
18 10 -395
18 10 -394
18 10 -393
18 10 -392
17 10 -391
17 10 -390
17 10 -389
17 10 -388
16 10 -387
16 10 -386
15 10 -385
15 10 -384
18 10 -383
18 10 -382
18 10 -381
18 10 -380
18 10 -379
18 10 -378
18 10 -377
18 10 -376
18 10 -375
18 10 -374
18 10 -373
18 10 -372
18 10 -371
18 10 -370
18 10 -369
18 10 -368
17 10 -367
17 10 -366
17 10 -365
17 10 -364
17 10 -363
17 10 -362
17 10 -361
17 10 -360
16 10 -359
16 10 -358
16 10 -357
16 10 -356
15 10 -355
15 10 -354
14 10 -353
14 10 -352
17 10 -351
17 10 -350
17 10 -349
17 10 -348
17 10 -347
17 10 -346
17 10 -345
17 10 -344
17 10 -343
17 10 -342
17 10 -341
17 10 -340
17 10 -339
17 10 -338
17 10 -337
17 10 -336
16 10 -335
16 10 -334
16 10 -333
16 10 -332
16 10 -331
16 10 -330
16 10 -329
16 10 -328
15 10 -327
15 10 -326
15 10 -325
15 10 -324
14 10 -323
14 10 -322
13 10 -321
13 10 -320
16 10 -319
16 10 -318
16 10 -317
16 10 -316
16 10 -315
16 10 -314
16 10 -313
16 10 -312
16 10 -311
16 10 -310
16 10 -309
16 10 -308
16 10 -307
16 10 -306
16 10 -305
16 10 -304
15 10 -303
15 10 -302
15 10 -301
15 10 -300
15 10 -299
15 10 -298
15 10 -297
15 10 -296
14 10 -295
14 10 -294
14 10 -293
14 10 -292
13 10 -291
13 10 -290
12 10 -289
12 10 -288
15 10 -287
15 10 -286
15 10 -285
15 10 -284
15 10 -283
15 10 -282
15 10 -281
15 10 -280
15 10 -279
15 10 -278
15 10 -277
15 10 -276
15 10 -275
15 10 -274
15 10 -273
15 10 -272
14 10 -271
14 10 -270
14 10 -269
14 10 -268
14 10 -267
14 10 -266
14 10 -265
14 10 -264
13 10 -263
13 10 -262
13 10 -261
13 10 -260
12 10 -259
12 10 -258
11 10 -257
11 10 -256
14 9 -255
14 9 -254
14 9 -253
14 9 -252
14 9 -251
14 9 -250
14 9 -249
14 9 -248
14 9 -247
14 9 -246
14 9 -245
14 9 -244
14 9 -243
14 9 -242
14 9 -241
14 9 -240
13 9 -239
13 9 -238
13 9 -237
13 9 -236
13 9 -235
13 9 -234
13 9 -233
13 9 -232
12 9 -231
12 9 -230
12 9 -229
12 9 -228
11 9 -227
11 9 -226
10 9 -225
10 9 -224
13 9 -223
13 9 -222
13 9 -221
13 9 -220
13 9 -219
13 9 -218
13 9 -217
13 9 -216
13 9 -215
13 9 -214
13 9 -213
13 9 -212
13 9 -211
13 9 -210
13 9 -209
13 9 -208
12 9 -207
12 9 -206
12 9 -205
12 9 -204
12 9 -203
12 9 -202
12 9 -201
12 9 -200
11 9 -199
11 9 -198
11 9 -197
11 9 -196
10 9 -195
10 9 -194
9 9 -193
9 9 -192
12 9 -191
12 9 -190
12 9 -189
12 9 -188
12 9 -187
12 9 -186
12 9 -185
12 9 -184
12 9 -183
12 9 -182
12 9 -181
12 9 -180
12 9 -179
12 9 -178
12 9 -177
12 9 -176
11 9 -175
11 9 -174
11 9 -173
11 9 -172
11 9 -171
11 9 -170
11 9 -169
11 9 -168
10 9 -167
10 9 -166
10 9 -165
10 9 -164
9 9 -163
9 9 -162
8 9 -161
8 9 -160
11 9 -159
11 9 -158
11 9 -157
11 9 -156
11 9 -155
11 9 -154
11 9 -153
11 9 -152
11 9 -151
11 9 -150
11 9 -149
11 9 -148
11 9 -147
11 9 -146
11 9 -145
11 9 -144
10 9 -143
10 9 -142
10 9 -141
10 9 -140
10 9 -139
10 9 -138
10 9 -137
10 9 -136
9 9 -135
9 9 -134
9 9 -133
9 9 -132
8 9 -131
8 9 -130
7 9 -129
7 9 -128
10 8 -127
10 8 -126
10 8 -125
10 8 -124
10 8 -123
10 8 -122
10 8 -121
10 8 -120
10 8 -119
10 8 -118
10 8 -117
10 8 -116
10 8 -115
10 8 -114
10 8 -113
10 8 -112
9 8 -111
9 8 -110
9 8 -109
9 8 -108
9 8 -107
9 8 -106
9 8 -105
9 8 -104
8 8 -103
8 8 -102
8 8 -101
8 8 -100
7 8 -99
7 8 -98
6 8 -97
6 8 -96
9 8 -95
9 8 -94
9 8 -93
9 8 -92
9 8 -91
9 8 -90
9 8 -89
9 8 -88
9 8 -87
9 8 -86
9 8 -85
9 8 -84
9 8 -83
9 8 -82
9 8 -81
9 8 -80
8 8 -79
8 8 -78
8 8 -77
8 8 -76
8 8 -75
8 8 -74
8 8 -73
8 8 -72
7 8 -71
7 8 -70
7 8 -69
7 8 -68
6 8 -67
6 8 -66
5 8 -65
5 8 -64
8 7 -63
8 7 -62
8 7 -61
8 7 -60
8 7 -59
8 7 -58
8 7 -57
8 7 -56
8 7 -55
8 7 -54
8 7 -53
8 7 -52
8 7 -51
8 7 -50
8 7 -49
8 7 -48
7 7 -47
7 7 -46
7 7 -45
7 7 -44
7 7 -43
7 7 -42
7 7 -41
7 7 -40
6 7 -39
6 7 -38
6 7 -37
6 7 -36
5 7 -35
5 7 -34
4 7 -33
4 7 -32
6 6 -31
6 6 -30
6 6 -29
6 6 -28
6 6 -27
6 6 -26
6 6 -25
6 6 -24
6 6 -23
6 6 -22
6 6 -21
6 6 -20
6 6 -19
6 6 -18
6 6 -17
6 6 -16
5 5 -15
5 5 -14
5 5 -13
5 5 -12
5 5 -11
5 5 -10
5 5 -9
5 5 -8
4 4 -7
4 4 -6
4 4 -5
4 4 -4
3 3 -3
3 3 -2
2 2 -1
2 2 0
2 2 1
3 3 2
3 3 3
4 4 4
4 4 5
4 4 6
4 4 7
5 5 8
5 5 9
5 5 10
5 5 11
5 5 12
5 5 13
5 5 14
5 5 15
6 6 16
6 6 17
6 6 18
6 6 19
6 6 20
6 6 21
6 6 22
6 6 23
6 6 24
6 6 25
6 6 26
6 6 27
6 6 28
6 6 29
6 6 30
6 6 31
4 7 32
4 7 33
5 7 34
5 7 35
6 7 36
6 7 37
6 7 38
6 7 39
7 7 40
7 7 41
7 7 42
7 7 43
7 7 44
7 7 45
7 7 46
7 7 47
8 7 48
8 7 49
8 7 50
8 7 51
8 7 52
8 7 53
8 7 54
8 7 55
8 7 56
8 7 57
8 7 58
8 7 59
8 7 60
8 7 61
8 7 62
8 7 63
5 8 64
5 8 65
6 8 66
6 8 67
7 8 68
7 8 69
7 8 70
7 8 71
8 8 72
8 8 73
8 8 74
8 8 75
8 8 76
8 8 77
8 8 78
8 8 79
9 8 80
9 8 81
9 8 82
9 8 83
9 8 84
9 8 85
9 8 86
9 8 87
9 8 88
9 8 89
9 8 90
9 8 91
9 8 92
9 8 93
9 8 94
9 8 95
6 8 96
6 8 97
7 8 98
7 8 99
8 8 100
8 8 101
8 8 102
8 8 103
9 8 104
9 8 105
9 8 106
9 8 107
9 8 108
9 8 109
9 8 110
9 8 111
10 8 112
10 8 113
10 8 114
10 8 115
10 8 116
10 8 117
10 8 118
10 8 119
10 8 120
10 8 121
10 8 122
10 8 123
10 8 124
10 8 125
10 8 126
10 8 127
7 9 128
7 9 129
8 9 130
8 9 131
9 9 132
9 9 133
9 9 134
9 9 135
10 9 136
10 9 137
10 9 138
10 9 139
10 9 140
10 9 141
10 9 142
10 9 143
11 9 144
11 9 145
11 9 146
11 9 147
11 9 148
11 9 149
11 9 150
11 9 151
11 9 152
11 9 153
11 9 154
11 9 155
11 9 156
11 9 157
11 9 158
11 9 159
8 9 160
8 9 161
9 9 162
9 9 163
10 9 164
10 9 165
10 9 166
10 9 167
11 9 168
11 9 169
11 9 170
11 9 171
11 9 172
11 9 173
11 9 174
11 9 175
12 9 176
12 9 177
12 9 178
12 9 179
12 9 180
12 9 181
12 9 182
12 9 183
12 9 184
12 9 185
12 9 186
12 9 187
12 9 188
12 9 189
12 9 190
12 9 191
9 9 192
9 9 193
10 9 194
10 9 195
11 9 196
11 9 197
11 9 198
11 9 199
12 9 200
12 9 201
12 9 202
12 9 203
12 9 204
12 9 205
12 9 206
12 9 207
13 9 208
13 9 209
13 9 210
13 9 211
13 9 212
13 9 213
13 9 214
13 9 215
13 9 216
13 9 217
13 9 218
13 9 219
13 9 220
13 9 221
13 9 222
13 9 223
10 9 224
10 9 225
11 9 226
11 9 227
12 9 228
12 9 229
12 9 230
12 9 231
13 9 232
13 9 233
13 9 234
13 9 235
13 9 236
13 9 237
13 9 238
13 9 239
14 9 240
14 9 241
14 9 242
14 9 243
14 9 244
14 9 245
14 9 246
14 9 247
14 9 248
14 9 249
14 9 250
14 9 251
14 9 252
14 9 253
14 9 254
14 9 255
11 10 256
11 10 257
12 10 258
12 10 259
13 10 260
13 10 261
13 10 262
13 10 263
14 10 264
14 10 265
14 10 266
14 10 267
14 10 268
14 10 269
14 10 270
14 10 271
15 10 272
15 10 273
15 10 274
15 10 275
15 10 276
15 10 277
15 10 278
15 10 279
15 10 280
15 10 281
15 10 282
15 10 283
15 10 284
15 10 285
15 10 286
15 10 287
12 10 288
12 10 289
13 10 290
13 10 291
14 10 292
14 10 293
14 10 294
14 10 295
15 10 296
15 10 297
15 10 298
15 10 299
15 10 300
15 10 301
15 10 302
15 10 303
16 10 304
16 10 305
16 10 306
16 10 307
16 10 308
16 10 309
16 10 310
16 10 311
16 10 312
16 10 313
16 10 314
16 10 315
16 10 316
16 10 317
16 10 318
16 10 319
13 10 320
13 10 321
14 10 322
14 10 323
15 10 324
15 10 325
15 10 326
15 10 327
16 10 328
16 10 329
16 10 330
16 10 331
16 10 332
16 10 333
16 10 334
16 10 335
17 10 336
17 10 337
17 10 338
17 10 339
17 10 340
17 10 341
17 10 342
17 10 343
17 10 344
17 10 345
17 10 346
17 10 347
17 10 348
17 10 349
17 10 350
17 10 351
14 10 352
14 10 353
15 10 354
15 10 355
16 10 356
16 10 357
16 10 358
16 10 359
17 10 360
17 10 361
17 10 362
17 10 363
17 10 364
17 10 365
17 10 366
17 10 367
18 10 368
18 10 369
18 10 370
18 10 371
18 10 372
18 10 373
18 10 374
18 10 375
18 10 376
18 10 377
18 10 378
18 10 379
18 10 380
18 10 381
18 10 382
18 10 383
15 10 384
15 10 385
16 10 386
16 10 387
17 10 388
17 10 389
17 10 390
17 10 391
18 10 392
18 10 393
18 10 394
18 10 395
18 10 396
18 10 397
18 10 398
18 10 399
19 10 400
19 10 401
19 10 402
19 10 403
19 10 404
19 10 405
19 10 406
19 10 407
19 10 408
19 10 409
19 10 410
19 10 411
19 10 412
19 10 413
19 10 414
19 10 415
16 10 416
16 10 417
17 10 418
17 10 419
18 10 420
18 10 421
18 10 422
18 10 423
19 10 424
19 10 425
19 10 426
19 10 427
19 10 428
19 10 429
19 10 430
19 10 431
20 10 432
20 10 433
20 10 434
20 10 435
20 10 436
20 10 437
20 10 438
20 10 439
20 10 440
20 10 441
20 10 442
20 10 443
20 10 444
20 10 445
20 10 446
20 10 447
17 10 448
17 10 449
18 10 450
18 10 451
19 10 452
19 10 453
19 10 454
19 10 455
20 10 456
20 10 457
20 10 458
20 10 459
20 10 460
20 10 461
20 10 462
20 10 463
21 10 464
21 10 465
21 10 466
21 10 467
21 10 468
21 10 469
21 10 470
21 10 471
21 10 472
21 10 473
21 10 474
21 10 475
21 10 476
21 10 477
21 10 478
21 10 479
18 10 480
18 10 481
19 10 482
19 10 483
20 10 484
20 10 485
20 10 486
20 10 487
21 10 488
21 10 489
21 10 490
21 10 491
21 10 492
21 10 493
21 10 494
21 10 495
22 10 496
22 10 497
22 10 498
22 10 499
22 10 500
22 10 501
22 10 502
22 10 503
22 10 504
22 10 505
22 10 506
22 10 507
22 10 508
22 10 509
22 10 510
22 10 511
19 11 512
19 11 513
20 11 514
20 11 515
21 11 516
21 11 517
21 11 518
21 11 519
22 11 520
22 11 521
22 11 522
22 11 523
22 11 524
22 11 525
22 11 526
22 11 527
23 11 528
23 11 529
23 11 530
23 11 531
23 11 532
23 11 533
23 11 534
23 11 535
23 11 536
23 11 537
23 11 538
23 11 539
23 11 540
23 11 541
23 11 542
23 11 543
20 11 544
20 11 545
21 11 546
21 11 547
22 11 548
22 11 549
22 11 550
22 11 551
23 11 552
23 11 553
23 11 554
23 11 555
23 11 556
23 11 557
23 11 558
23 11 559
24 11 560
24 11 561
24 11 562
24 11 563
24 11 564
24 11 565
24 11 566
24 11 567
24 11 568
24 11 569
24 11 570
24 11 571
24 11 572
24 11 573
24 11 574
24 11 575
21 11 576
21 11 577
22 11 578
22 11 579
23 11 580
23 11 581
23 11 582
23 11 583
24 11 584
24 11 585
24 11 586
24 11 587
24 11 588
24 11 589
24 11 590
24 11 591
25 11 592
25 11 593
25 11 594
25 11 595
25 11 596
25 11 597
25 11 598
25 11 599
25 11 600
25 11 601
25 11 602
25 11 603
25 11 604
25 11 605
25 11 606
25 11 607
22 11 608
22 11 609
23 11 610
23 11 611
24 11 612
24 11 613
24 11 614
24 11 615
25 11 616
25 11 617
25 11 618
25 11 619
25 11 620
25 11 621
25 11 622
25 11 623
26 11 624
26 11 625
26 11 626
26 11 627
26 11 628
26 11 629
26 11 630
26 11 631
26 11 632
26 11 633
26 11 634
26 11 635
26 11 636
26 11 637
26 11 638
26 11 639
23 11 640
23 11 641
24 11 642
24 11 643
25 11 644
25 11 645
25 11 646
25 11 647
26 11 648
26 11 649
26 11 650
26 11 651
26 11 652
26 11 653
26 11 654
26 11 655
27 11 656
27 11 657
27 11 658
27 11 659
27 11 660
27 11 661
27 11 662
27 11 663
27 11 664
27 11 665
27 11 666
27 11 667
27 11 668
27 11 669
27 11 670
27 11 671
24 11 672
24 11 673
25 11 674
25 11 675
26 11 676
26 11 677
26 11 678
26 11 679
27 11 680
27 11 681
27 11 682
27 11 683
27 11 684
27 11 685
27 11 686
27 11 687
28 11 688
28 11 689
28 11 690
28 11 691
28 11 692
28 11 693
28 11 694
28 11 695
28 11 696
28 11 697
28 11 698
28 11 699
28 11 700
28 11 701
28 11 702
28 11 703
25 11 704
25 11 705
26 11 706
26 11 707
27 11 708
27 11 709
27 11 710
27 11 711
28 11 712
28 11 713
28 11 714
28 11 715
28 11 716
28 11 717
28 11 718
28 11 719
29 11 720
29 11 721
29 11 722
29 11 723
29 11 724
29 11 725
29 11 726
29 11 727
29 11 728
29 11 729
29 11 730
29 11 731
29 11 732
29 11 733
29 11 734
29 11 735
26 11 736
26 11 737
27 11 738
27 11 739
28 11 740
28 11 741
28 11 742
28 11 743
29 11 744
29 11 745
29 11 746
29 11 747
29 11 748
29 11 749
29 11 750
29 11 751
30 11 752
30 11 753
30 11 754
30 11 755
30 11 756
30 11 757
30 11 758
30 11 759
30 11 760
30 11 761
30 11 762
30 11 763
30 11 764
30 11 765
30 11 766
30 11 767
27 11 768
27 11 769
28 11 770
28 11 771
29 11 772
29 11 773
29 11 774
29 11 775
30 11 776
30 11 777
30 11 778
30 11 779
30 11 780
30 11 781
30 11 782
30 11 783
31 11 784
31 11 785
31 11 786
31 11 787
31 11 788
31 11 789
31 11 790
31 11 791
31 11 792
31 11 793
31 11 794
31 11 795
31 11 796
31 11 797
31 11 798
31 11 799
28 11 800
28 11 801
29 11 802
29 11 803
30 11 804
30 11 805
30 11 806
30 11 807
31 11 808
31 11 809
31 11 810
31 11 811
31 11 812
31 11 813
31 11 814
31 11 815
32 11 816
32 11 817
32 11 818
32 11 819
32 11 820
32 11 821
32 11 822
32 11 823
32 11 824
32 11 825
32 11 826
32 11 827
32 11 828
32 11 829
32 11 830
32 11 831
29 11 832
29 11 833
30 11 834
30 11 835
31 11 836
31 11 837
31 11 838
31 11 839
32 11 840
32 11 841
32 11 842
32 11 843
32 11 844
32 11 845
32 11 846
32 11 847
33 11 848
33 11 849
33 11 850
33 11 851
33 11 852
33 11 853
33 11 854
33 11 855
33 11 856
33 11 857
33 11 858
33 11 859
33 11 860
33 11 861
33 11 862
33 11 863
30 11 864
30 11 865
31 11 866
31 11 867
32 11 868
32 11 869
32 11 870
32 11 871
33 11 872
33 11 873
33 11 874
33 11 875
33 11 876
33 11 877
33 11 878
33 11 879
34 11 880
34 11 881
34 11 882
34 11 883
34 11 884
34 11 885
34 11 886
34 11 887
34 11 888
34 11 889
34 11 890
34 11 891
34 11 892
34 11 893
34 11 894
34 11 895
31 11 896
31 11 897
32 11 898
32 11 899
33 11 900
33 11 901
33 11 902
33 11 903
34 11 904
34 11 905
34 11 906
34 11 907
34 11 908
34 11 909
34 11 910
34 11 911
35 11 912
35 11 913
35 11 914
35 11 915
35 11 916
35 11 917
35 11 918
35 11 919
35 11 920
35 11 921
35 11 922
35 11 923
35 11 924
35 11 925
35 11 926
35 11 927
32 11 928
32 11 929
33 11 930
33 11 931
34 11 932
34 11 933
34 11 934
34 11 935
35 11 936
35 11 937
35 11 938
35 11 939
35 11 940
35 11 941
35 11 942
35 11 943
36 11 944
36 11 945
36 11 946
36 11 947
36 11 948
36 11 949
36 11 950
36 11 951
36 11 952
36 11 953
36 11 954
36 11 955
36 11 956
36 11 957
36 11 958
36 11 959
33 11 960
33 11 961
34 11 962
34 11 963
35 11 964
35 11 965
35 11 966
35 11 967
36 11 968
36 11 969
36 11 970
36 11 971
36 11 972
36 11 973
36 11 974
36 11 975
37 11 976
37 11 977
37 11 978
37 11 979
37 11 980
37 11 981
37 11 982
37 11 983
37 11 984
37 11 985
37 11 986
37 11 987
37 11 988
37 11 989
37 11 990
37 11 991
34 11 992
34 11 993
35 11 994
35 11 995
36 11 996
36 11 997
36 11 998
36 11 999
37 11 1000
37 11 1001
37 11 1002
37 11 1003
37 11 1004
37 11 1005
37 11 1006
37 11 1007
38 11 1008
38 11 1009
38 11 1010
38 11 1011
38 11 1012
38 11 1013
38 11 1014
38 11 1015
38 11 1016
38 11 1017
38 11 1018
38 11 1019
38 11 1020
38 11 1021
38 11 1022
38 11 1023
